146129
140117
248339
599671
891667
192641
293748
162935
185442
667056
735148
783462
990366
106521
108323
156334
172029
189349
191841
433839
500222
679770
111514
112920
158136
195041
200109
204521
212318
223929
707749
898176
917255
174841
198653
212823
283543
353740
581450
102816
104012
116726
149741
151526
154532
191033
257845
287248
352132
660951
680957
715950
725751
912447
113922
166438
187547
250427
406836
512835
559053
568963
665254
825048
164636
100307
133019
181232
221319
255639
358144
109123
162026
179245
205119
233326
214524
105923
125525
175237
555348
101107
103414
107321
107422
108525
115825
117324
118730
119126
123521
127630
129634
130821
131924
132017
133827
135225
135730
137229
137633
138534
138837
140925
144428
144832
145127
148840
149236
149539
150726
150928
153025
154229
156233
156435
156536
158338
162228
168139
168745
172433
172534
173637
173839
175035
175338
178243
178849
185341
186444
187850
188448
188549
189450
192136
195849
199453
200917
201414
202113
202719
204016
205725
208226
209935
210011
212015
212217
214221
214423
214726
217126
228434
237334
256540
268850
275645
298455
299154
300618
305830
308129
334635
346945
366446
381543
386250
415837
422632
449753
456346
479762
480141
481951
513736
517239
520228
524135
548250
557857
561242
561444
565452
567961
571144
573451
580751
599065
604537
611938
616645
618952
622236
626648
633847
645551
656657
657659
663755
687163
720337
724446
729557
734045
748258
749058
753150
756055
802844
803240
812746
816653
849971
857263
865363
867468
873968
877269
927359
930449
952863
966975
100206
100610
101309
102311
102513
103111
103515
105014
105216
106319
107018
108121
110613
111009
111413
112112
112314
113215
114217
114621
116524
117122
118225
118528
118932
120111
120515
121416
122620
123117
123420
123925
124624
126325
128026
128127
129028
129331
130013
130316
130417
130619
131217
131419
131722
131823
133625
133928
134223
134425
134728
135528
135932
139839
141119
141826
144731
145834
146331
146533
147030
148133
148941
150625
151223
151425
151627
152831
154431
154936
155635
155938
156031
157437
158035
158843
159340
159441
160830
161327
161630
162329
162733
163129
164131
164939
165638
167036
168240
169444
169949
171330
171633
172130
172332
173334
173435
173940
176037
176441
176542
177241
177645
178142
179346
180129
182739
185947
188347
188751
190031
191336
191942
192035
192540
192843
193239
194140
194645
195445
195950
196346
196750
197348
198249
198451
198855
199150
200008
201111
201515
201818
203418
203923
204319
204420
204622
205220
206222
207123
207426
208125
208327
209228
210415
211114
211215
211922
212116
212419
213421
220721
224022
231928
236130
246133
257542
268749
286650
290136
295146
303119
308331
309636
311320
316633
316835
318637
330324
336841
339847
341834
346137
361941
365343
366042
377451
379657
380036
381038
385450
387959
389357
390645
393550
395251
395958
397154
424939
436239
436845
441939
445543
448347
459453
465852
497865
499566
506234
510326
522434
525541
529549
529953
530635
541943
566454
570243
573249
580044
586460
587664
594156
598568
613538
615744
617748
623844
627852
628248
645450
647858
654350
656253
664757
671855
677766
679568
683256
690152
695768
700634
704238
742549
751348
761957
765056
767464
769064
770352
771354
773257
779370
784565
789373
800941
826353
826454
833148
833249
837560
841349
843151
852455
871762
871964
882161
885975
894673
894774
896879
899885
901139
901442
910241
910443
922854
923755
932554
942658
947668
955465
957974
958976
959574
983773
984472
987983
991267
993675
994273
996782
100408
101006
101915
103818
104416
105115
105620
106016
107725
108222
108828
109830
110007
110411
111312
111716
112516
113619
114419
114823
115017
115320
117930
118124
120212
120717
121618
121921
122317
122822
124220
124422
124826
126628
127933
128632
128935
129129
130922
134021
134829
136227
136732
136833
138231
139233
139637
140824
141422
143325
144125
146432
146937
147737
148032
148335
149337
149842
151728
151829
153227
153429
154734
154835
156637
157336
158540
159138
159239
159744
160123
161731
163331
163836
164030
167238
168341
170631
171532
172938
173536
173738
174437
175439
175742
176239
178647
178950
180432
180735
180836
181131
181636
182436
183034
185139
186141
187345
194746
194847
196144
198350
199655
199958
200311
200614
205826
209127
209329
210617
211316
211720
214019
217429
227432
239944
245333
250932
251833
263436
270332
280739
285345
285446
297655
298051
303624
304020
304727
307127
310621
320826
321323
322224
333330
361234
371843
391748
393247
395756
397760
397861
412528
414229
429040
432332
453441
467351
485757
486759
495255
519950
523032
531536
536647
540436
545345
553344
555651
562345
562446
567052
572045
576255
579867
580650
581349
583858
585256
588565
597869
599469
609143
627549
638049
654754
668361
672756
673455
677968
693764
702133
705341
709551
731140
732243
744553
759869
782561
788876
792564
810843
818859
820745
835657
837964
844961
845458
849264
856766
856968
859671
861456
870861
872562
880157
887373
889579
894067
896778
904044
907656
917558
919966
965367
965771
978578
992673
992774
104820
140319
157942
180937
211417
792867
